#K-Path     Band-1    Band-2    Band-3    Band-4      ...     Band-n
  0.0000  -10.5408  -10.5267   -8.9350   -8.8539   -4.0398   -3.5843   -2.8184   -2.3095   -2.2601   -2.0547    0.8220    1.1360    2.2682    2.8027    2.8031    2.9474    5.7217    5.7753    6.0409    6.1158    6.2146    6.4366
  0.0335  -10.5468  -10.5331   -8.9291   -8.8487   -4.0328   -3.5769   -2.8290   -2.3394   -2.2341   -2.0381    0.8311    1.1453    2.2577    2.7544    2.8274    2.9529    5.7274    5.7829    5.9929    6.0658    6.1988    6.3783
  0.0671  -10.5656  -10.5528   -8.9107   -8.8322   -4.0113   -3.5543   -2.8598   -2.3964   -2.1852   -1.9921    0.8579    1.1723    2.2254    2.6769    2.8384    2.9709    5.7292    5.8022    5.9181    5.9786    6.1153    6.2260
  0.1006  -10.5978  -10.5864   -8.8791   -8.8035   -3.9758   -3.5166   -2.9055   -2.4640   -2.1227   -1.9267    0.9008    1.2153    2.1720    2.5800    2.8398    2.9955    5.6792    5.8141    5.8627    5.9058    6.0106    6.0611
  0.1341  -10.6432  -10.6333   -8.8346   -8.7626   -3.9271   -3.4640   -2.9590   -2.5356   -2.0490   -1.8502    0.9577    1.2722    2.1010    2.4713    2.8360    3.0193    5.5679    5.7531    5.7883    5.8451    5.9597    5.9664
  0.1676  -10.7005  -10.6922   -8.7782   -8.7102   -3.8667   -3.3977   -3.0136   -2.6067   -1.9671   -1.7672    1.0259    1.3402    2.0178    2.3562    2.8281    3.0375    5.4310    5.6239    5.6647    5.7421    5.9551    5.9643
  0.2012  -10.7682  -10.7612   -8.7118   -8.6477   -3.7967   -3.3194   -3.0623   -2.6734   -1.8799   -1.6806    1.1023    1.4160    1.9283    2.2391    2.8161    3.0479    5.2864    5.4571    5.5499    5.6182    5.9209    5.9501
  0.2347  -10.8443  -10.8381   -8.6374   -8.5771   -3.7206   -3.2342   -3.0957   -2.7318   -1.7896   -1.5926    1.1830    1.4946    1.8402    2.1237    2.8003    3.0496    5.1414    5.2910    5.4279    5.4811    5.8501    5.8812
  0.2682  -10.9270  -10.9210   -8.5572   -8.5002   -3.6442   -3.1670   -3.0849   -2.7767   -1.6982   -1.5049    1.2618    1.5643    1.7672    2.0137    2.7822    3.0429    4.9997    5.1309    5.3010    5.3394    5.7447    5.7683
  0.3018  -11.0143  -11.0081   -8.4735   -8.4192   -3.5754   -3.1382   -3.0101   -2.7967   -1.6074   -1.4192    1.3267    1.5937    1.7437    1.9155    2.7644    3.0293    4.8632    4.9782    5.1728    5.2001    5.6227    5.6428
  0.3353  -11.1043  -11.0977   -8.3883   -8.3360   -3.5218   -3.0914   -2.9485   -2.7613   -1.5185   -1.3369    1.3539    1.5885    1.7523    1.8604    2.7509    3.0109    4.7330    4.8333    5.0457    5.0671    5.5010    5.5198
  0.3688  -11.1955  -11.1885   -8.3035   -8.2527   -3.4827   -3.0148   -2.9230   -2.6594   -1.4330   -1.2595    1.3285    1.5986    1.7065    1.8934    2.7456    2.9907    4.6099    4.6965    4.9215    4.9421    5.3879    5.4060
  0.4024  -11.2865  -11.2792   -8.2208   -8.1710   -3.4491   -2.9416   -2.8739   -2.5255   -1.3518   -1.1881    1.2759    1.5786    1.6883    1.9466    2.7509    2.9721    4.4944    4.5678    4.8020    4.8242    5.2875    5.3053
  0.4359  -11.3763  -11.3687   -8.1417   -8.0926   -3.4112   -2.9059   -2.7592   -2.3780   -1.2758   -1.1235    1.2188    1.5221    1.7020    1.9950    2.7642    2.9592    4.3874    4.4475    4.6885    4.7122    5.2020    5.2196
  0.4694  -11.4639  -11.4562   -8.0675   -8.0190   -3.3627   -2.8654   -2.6227   -2.2231   -1.2056   -1.0661    1.1659    1.4657    1.7046    2.0357    2.7771    2.9562    4.2893    4.3358    4.5813    4.6057    5.1323    5.1494
  0.5029  -11.5485  -11.5407   -7.9990   -7.9513   -3.2999   -2.8099   -2.4775   -2.0644   -1.1412   -1.0156    1.1206    1.4169    1.6883    2.0685    2.7781    2.9650    4.2002    4.2329    4.4802    4.5045    5.0776    5.0937
  0.5365  -11.6294  -11.6217   -7.9370   -7.8903   -3.2209   -2.7379   -2.3280   -1.9053   -1.0822   -0.9708    1.0836    1.3769    1.6558    2.0934    2.7607    2.9791    4.1189    4.1395    4.3854    4.4088    5.0352    5.0498
  0.5700  -11.7061  -11.6986   -7.8818   -7.8365   -3.1253   -2.6499   -2.1771   -1.7493   -1.0274   -0.9296    1.0547    1.3444    1.6128    2.1113    2.7238    2.9865    4.0416    4.0569    4.2971    4.3188    5.0009    5.0133
  0.6035  -11.7780  -11.7708   -7.8335   -7.7902   -3.0134   -2.5474   -2.0269   -1.6008   -0.9748   -0.8895    1.0326    1.3160    1.5660    2.1240    2.6669    2.9776    3.9652    3.9841    4.2154    4.2347    4.9690    4.9797
  0.6371  -11.8448  -11.8379   -7.7920   -7.7512   -2.8866   -2.4334   -1.8786   -1.4651   -0.9212   -0.8474    1.0149    1.2849    1.5242    2.1333    2.5909    2.9472    3.8917    3.9147    4.1401    4.1563    4.9342    4.9456
  0.6706  -11.9060  -11.8996   -7.7568   -7.7190   -2.7472   -2.3123   -1.7319   -1.3472   -0.8622   -0.8011    0.9980    1.2410    1.4984    2.1388    2.5005    2.8950    3.8218    3.8453    4.0706    4.0834    4.8943    4.9087
  0.7041  -11.9615  -11.9556   -7.7275   -7.6931   -2.5984   -2.1903   -1.5845   -1.2500   -0.7949   -0.7493    0.9766    1.1776    1.4948    2.1329    2.4093    2.8245    3.7554    3.7758    4.0063    4.0160    4.8499    4.8684
  0.7377  -12.0108  -12.0056   -7.7034   -7.6728   -2.4449   -2.0751   -1.4319   -1.1705   -0.7223   -0.6908    0.9422    1.0967    1.5112    2.0925    2.3483    2.7424    3.6933    3.7080    3.9470    3.9545    4.8029    4.8253
  0.7712  -12.0540  -12.0493   -7.6839   -7.6573   -2.2928   -1.9742   -1.2692   -1.0994   -0.6554   -0.6216    0.8818    1.0055    1.5404    2.0048    2.3400    2.6588    3.6365    3.6447    3.8931    3.8992    4.7551    4.7807
  0.8047  -12.0907  -12.0867   -7.6684   -7.6460   -2.1496   -1.8926   -1.0953   -1.0242   -0.5988   -0.5455    0.7833    0.9087    1.5739    1.8994    2.3653    2.5852    3.5858    3.5885    3.8454    3.8505    4.7082    4.7357
  0.8382  -12.1208  -12.1176   -7.6562   -7.6381   -2.0236   -1.8317   -0.9534   -0.8940   -0.5505   -0.4699    0.6511    0.7957    1.6036    1.8041    2.4047    2.5325    3.5391    3.5440    3.8045    3.8090    4.6640    4.6918
  0.8718  -12.1442  -12.1418   -7.6467   -7.6331   -1.9215   -1.7904   -0.8529   -0.7080   -0.5060   -0.3951    0.4986    0.6553    1.6234    1.7322    2.4471    2.5060    3.5008    3.5088    3.7710    3.7751    4.6251    4.6507
  0.9053  -12.1609  -12.1593   -7.6396   -7.6306   -1.8463   -1.7667   -0.7486   -0.5757   -0.4198   -0.3171    0.3408    0.4889    1.6328    1.6853    2.4837    2.5023    3.4733    3.4820    3.7458    3.7497    4.5948    4.6152
  0.9388  -12.1708  -12.1700   -7.6346   -7.6301   -1.7966   -1.7594   -0.6540   -0.5554   -0.2625   -0.2334    0.2057    0.3125    1.6371    1.6581    2.5074    2.5100    3.4576    3.4642    3.7299    3.7337    4.5765    4.5893
  0.9724  -12.1738  -12.1738   -7.6314   -7.6314   -1.7688   -1.7687   -0.5866   -0.5866   -0.1790   -0.1790    0.1792    0.1792    1.6437    1.6438    2.5151    2.5151    3.4540    3.4564    3.7245    3.7283    4.5727    4.5775
  0.9724  -12.1738  -12.1738   -7.6314   -7.6314   -1.7688   -1.7687   -0.5866   -0.5866   -0.1790   -0.1790    0.1792    0.1792    1.6437    1.6438    2.5151    2.5151    3.4540    3.4564    3.7245    3.7283    4.5727    4.5775
  1.0014  -12.1716  -12.1709   -7.6341   -7.6301   -1.7918   -1.7597   -0.6436   -0.5571   -0.2437   -0.2216    0.1930    0.2896    1.6379    1.6555    2.5099    2.5106    3.4565    3.4624    3.7286    3.7323    4.5750    4.5870
  1.0304  -12.1642  -12.1628   -7.6381   -7.6302   -1.8309   -1.7632   -0.7226   -0.5628   -0.3780   -0.2940    0.3009    0.4403    1.6350    1.6758    2.4954    2.4999    3.4680    3.4762    3.7407    3.7443    4.5883    4.6074
  1.0595  -12.1518  -12.1497   -7.6437   -7.6319   -1.8886   -1.7790   -0.8129   -0.6440   -0.4755   -0.3638    0.4360    0.5867    1.6325    1.7080    2.4753    2.4896    3.4885    3.4969    3.7601    3.7635    4.6114    4.6358
  1.0885  -12.1342  -12.1314   -7.6509   -7.6352   -1.9666   -1.8080   -0.9028   -0.7961   -0.5154   -0.4285    0.5723    0.7097    1.6293    1.7564    2.4558    2.4871    3.5173    3.5240    3.7861    3.7894    4.6421    4.6695
  1.1175  -12.1116  -12.1081   -7.6600   -7.6405   -2.0648   -1.8519   -0.9850   -0.9588   -0.5462   -0.4897    0.6953    0.7970    1.6277    1.8257    2.4426    2.4978    3.5538    3.5571    3.8181    3.8214    4.6781    4.7064
  1.1465  -12.0840  -12.0799   -7.6714   -7.6481   -2.1807   -1.9130   -1.1124   -1.0573   -0.5788   -0.5479    0.7923    0.8423    1.6349    1.9175    2.4395    2.5238    3.5956    3.5974    3.8557    3.8590    4.7177    4.7449
  1.1756  -12.0515  -12.0468   -7.6853   -7.6585   -2.3098   -1.9929   -1.2504   -1.1215   -0.6140   -0.6027    0.8476    0.8529    1.6598    2.0280    2.4475    2.5642    3.6398    3.6458    3.8987    3.9020    4.7596    4.7844
  1.2046  -12.0142  -12.0090   -7.7023   -7.6720   -2.4471   -2.0915   -1.3703   -1.1809   -0.6534   -0.6511    0.8213    0.8738    1.7066    2.1486    2.4653    2.6156    3.6884    3.6982    3.9467    3.9504    4.8033    4.8246
  1.2336  -11.9722  -11.9665   -7.7228   -7.6892   -2.5877   -2.2052   -1.4736   -1.2390   -0.6995   -0.6899    0.7736    0.8620    1.7703    2.2702    2.4904    2.6737    3.7403    3.7523    3.9993    4.0042    4.8487    4.8655
  1.2627  -11.9257  -11.9194   -7.7472   -7.7107   -2.7275   -2.3285   -1.5641   -1.2981   -0.7415   -0.7302    0.7142    0.8297    1.8409    2.3848    2.5196    2.7337    3.7942    3.8060    4.0561    4.0631    4.8960    4.9076
  1.2917  -11.8747  -11.8681   -7.7760   -7.7369   -2.8633   -2.4556   -1.6459   -1.3596   -0.7809   -0.7727    0.6505    0.7881    1.9096    2.4860    2.5501    2.7911    3.8491    3.8573    4.1167    4.1267    4.9454    4.9517
  1.3207  -11.8196  -11.8126   -7.8095   -7.7684   -2.9923   -2.5815   -1.7222   -1.4235   -0.8197   -0.8180    0.5890    0.7455    1.9703    2.5675    2.5809    2.8416    3.9042    3.9059    4.1809    4.1944    4.9959    4.9998
  1.3498  -11.7606  -11.7533   -7.8482   -7.8055   -3.1125   -2.7024   -1.7951   -1.4894   -0.8669   -0.8605    0.5343    0.7075    2.0196    2.6007    2.6354    2.8820    3.9525    3.9609    4.2485    4.2659    5.0448    5.0528
  1.3788  -11.6979  -11.6904   -7.8923   -7.8486   -3.2221   -2.8156   -1.8658   -1.5566   -0.9198   -0.9054    0.4901    0.6776    2.0557    2.6164    2.6794    2.9100    4.0011    4.0202    4.3191    4.3405    5.0929    5.1055
  1.4078  -11.6318  -11.6243   -7.9418   -7.8978   -3.3201   -2.9195   -1.9347   -1.6243   -0.9768   -0.9559    0.4587    0.6578    2.0780    2.6190    2.7082    2.9255    4.0549    4.0848    4.3917    4.4174    5.1375    5.1535
  1.4368  -11.5629  -11.5553   -7.9966   -7.9530   -3.4055   -3.0128   -2.0019   -1.6919   -1.0376   -1.0126    0.4411    0.6488    2.0866    2.6045    2.7273    2.9298    4.1165    4.1562    4.4649    4.4952    5.1760    5.1938
  1.4659  -11.4916  -11.4840   -8.0565   -8.0138   -3.4778   -3.0950   -2.0671   -1.7588   -1.1013   -1.0750    0.4371    0.6503    2.0823    2.5720    2.7414    2.9254    4.1866    4.2350    4.5362    4.5720    5.2084    5.2260
  1.4949  -11.4184  -11.4110   -8.1207   -8.0798   -3.5369   -3.1662   -2.1300   -1.8248   -1.1668   -1.1417    0.4458    0.6615    2.0666    2.5241    2.7524    2.9152    4.2638    4.3197    4.6026    4.6446    5.2386    5.2536
  1.5239  -11.3442  -11.3370   -8.1886   -8.1500   -3.5831   -3.2267   -2.1899   -1.8896   -1.2325   -1.2108    0.4656    0.6810    2.0413    2.4649    2.7609    2.9018    4.3447    4.4064    4.6620    4.7100    5.2739    5.2844
  1.5530  -11.2697  -11.2629   -8.2590   -8.2232   -3.6167   -3.2772   -2.2462   -1.9531   -1.2971   -1.2801    0.4947    0.7070    2.0089    2.3983    2.7675    2.8871    4.4227    4.4862    4.7181    4.7680    5.3219    5.3277
  1.5820  -11.1960  -11.1896   -8.3305   -8.2979   -3.6385   -3.3190   -2.2980   -2.0154   -1.3590   -1.3474    0.5312    0.7377    1.9721    2.3275    2.7723    2.8724    4.4871    4.5426    4.7852    4.8259    5.3870    5.3900
  1.6110  -11.1243  -11.1185   -8.4014   -8.3724   -3.6494   -3.3536   -2.3442   -2.0763   -1.4171   -1.4108    0.5731    0.7709    1.9335    2.2551    2.7759    2.8585    4.5263    4.5647    4.8766    4.8973    5.4686    5.4715
  1.6401  -11.0561  -11.0510   -8.4699   -8.4447   -3.6506   -3.3827   -2.3836   -2.1357   -1.4700   -1.4682    0.6186    0.8041    1.8962    2.1831    2.7786    2.8456    4.5377    4.5606    4.9885    4.9904    5.5640    5.5670
  1.6691  -10.9932  -10.9888   -8.5336   -8.5124   -3.6433   -3.4082   -2.4149   -2.1931   -1.5184   -1.5168    0.6660    0.8348    1.8631    2.1133    2.7809    2.8341    4.5298    4.5429    5.1003    5.1145    5.6674    5.6698
  1.6981  -10.9374  -10.9339   -8.5903   -8.5732   -3.6290   -3.4319   -2.4366   -2.2478   -1.5602   -1.5566    0.7134    0.8600    1.8373    2.0471    2.7830    2.8239    4.5128    4.5203    5.2222    5.2470    5.7690    5.7735
  1.7272  -10.8909  -10.8882   -8.6374   -8.6245   -3.6092   -3.4554   -2.4479   -2.2987   -1.5927   -1.5886    0.7588    0.8771    1.8214    1.9860    2.7853    2.8150    4.4940    4.4983    5.3492    5.3819    5.8537    5.8677
  1.7562  -10.8557  -10.8539   -8.6725   -8.6639   -3.5855   -3.4798   -2.4480   -2.3447   -1.6158   -1.6122    0.8003    0.8838    1.8177    1.9317    2.7881    2.8074    4.4780    4.4804    5.4740    5.5112    5.9034    5.9347
  1.7852  -10.8336  -10.8327   -8.6936   -8.6893   -3.5594   -3.5055   -2.4370   -2.3840   -1.6291   -1.6271    0.8356    0.8789    1.8274    1.8859    2.7915    2.8011    4.4676    4.4686    5.5835    5.6153    5.9159    5.9537
  1.8142  -10.8257  -10.8257   -8.6994   -8.6994   -3.5323   -3.5323   -2.4153   -2.4153   -1.6329   -1.6329    0.8624    0.8624    1.8505    1.8505    2.7958    2.7958    4.4641    4.4643    5.6458    5.6466    5.9287    5.9303
  1.8142  -10.8257  -10.8257   -8.6994   -8.6994   -3.5323   -3.5323   -2.4153   -2.4153   -1.6329   -1.6329    0.8624    0.8624    1.8505    1.8505    2.7958    2.7958    4.4641    4.4643    5.6458    5.6466    5.9287    5.9303
  1.8310  -10.8253  -10.8249   -8.7016   -8.6978   -3.5434   -3.5211   -2.4303   -2.4037   -1.6400   -1.6317    0.8507    0.8878    1.8380    1.8623    2.7809    2.8038    4.4647    4.4667    5.6421    5.6580    5.9291    5.9323
  1.8478  -10.8236  -10.8229   -8.7045   -8.6969   -3.5547   -3.5099   -2.4489   -2.3953   -1.6522   -1.6367    0.8527    0.9261    1.8247    1.8734    2.7592    2.8051    4.4681    4.4720    5.6459    5.6766    5.9311    5.9375
  1.8645  -10.8206  -10.8195   -8.7080   -8.6966   -3.5663   -3.4987   -2.4712   -2.3898   -1.6685   -1.6480    0.8680    0.9761    1.8106    1.8838    2.7313    2.8004    4.4746    4.4803    5.6567    5.7016    5.9353    5.9453
  1.8813  -10.8164  -10.8150   -8.7121   -8.6969   -3.5783   -3.4872   -2.4974   -2.3872   -1.6877   -1.6649    0.8955    1.0365    1.7957    1.8938    2.6981    2.7906    4.4841    4.4917    5.6739    5.7319    5.9418    5.9555
  1.8981  -10.8110  -10.8092   -8.7169   -8.6979   -3.5909   -3.4757   -2.5273   -2.3871   -1.7089   -1.6863    0.9335    1.1052    1.7801    1.9034    2.6612    2.7770    4.4968    4.5064    5.6964    5.7660    5.9507    5.9683
  1.9148  -10.8044  -10.8022   -8.7223   -8.6996   -3.6043   -3.4641   -2.5606   -2.3893   -1.7313   -1.7108    0.9798    1.1802    1.7641    1.9130    2.6221    2.7608    4.5129    4.5245    5.7230    5.8026    5.9618    5.9836
  1.9316  -10.7967  -10.7941   -8.7284   -8.7020   -3.6186   -3.4525   -2.5970   -2.3937   -1.7554   -1.7360    1.0315    1.2591    1.7481    1.9232    2.5828    2.7433    4.5325    4.5461    5.7525    5.8403    5.9752    6.0014
  1.9484  -10.7879  -10.7848   -8.7352   -8.7050   -3.6341   -3.4412   -2.6357   -2.3999   -1.7821   -1.7591    1.0849    1.3392    1.7329    1.9354    2.5455    2.7259    4.5559    4.5716    5.7840    5.8778    5.9909    6.0216
  1.9651  -10.7780  -10.7745   -8.7426   -8.7088   -3.6509   -3.4303   -2.6760   -2.4075   -1.8112   -1.7791    1.1354    1.4177    1.7187    1.9525    2.5125    2.7096    4.5832    4.6011    5.8166    5.9145    6.0087    6.0441
  1.9819  -10.7671  -10.7631   -8.7507   -8.7132   -3.6692   -3.4201   -2.7168   -2.4162   -1.8411   -1.7966    1.1777    1.4920    1.7054    1.9785    2.4858    2.6954    4.6148    4.6349    5.8495    5.9498    6.0285    6.0685
  1.9987  -10.7553  -10.7509   -8.7595   -8.7184   -3.6890   -3.4112   -2.7571   -2.4254   -1.8707   -1.8122    1.2065    1.5596    1.6929    2.0174    2.4672    2.6842    4.6509    4.6733    5.8822    5.9837    6.0500    6.0943
  2.0154  -10.7427  -10.7377   -8.7689   -8.7243   -3.7103   -3.4040   -2.7955   -2.4345   -1.8994   -1.8263    1.2191    1.6098    1.6904    2.0710    2.4579    2.6766    4.6919    4.7167    5.9142    6.0165    6.0728    6.1211
  2.0322  -10.7292  -10.7238   -8.7789   -8.7309   -3.7332   -3.3992   -2.8308   -2.4430   -1.9270   -1.8394    1.2160    1.6117    1.7283    2.1369    2.4580    2.6732    4.7381    4.7654    5.9447    6.0482    6.0963    6.1480
  2.0490  -10.7152  -10.7091   -8.7895   -8.7382   -3.7573   -3.3974   -2.8617   -2.4503   -1.9533   -1.8517    1.2000    1.5835    1.7886    2.2107    2.4672    2.6745    4.7899    4.8199    5.9725    6.0790    6.1196    6.1740
  2.0657  -10.7006  -10.6939   -8.8007   -8.7461   -3.7826   -3.3994   -2.8870   -2.4557   -1.9784   -1.8635    1.1747    1.5454    1.8512    2.2875    2.4844    2.6812    4.8476    4.8804    5.9956    6.1079    6.1420    6.1977
  2.0825  -10.6855  -10.6783   -8.8123   -8.7546   -3.8087   -3.4055   -2.9060   -2.4591   -2.0027   -1.8753    1.1434    1.5029    1.9112    2.3634    2.5080    2.6941    4.9114    4.9475    6.0104    6.1303    6.1638    6.2178
  2.0992  -10.6702  -10.6624   -8.8243   -8.7636   -3.8353   -3.4158   -2.9181   -2.4598   -2.0262   -1.8873    1.1085    1.4583    1.9666    2.4355    2.5354    2.7139    4.9817    5.0214    6.0127    6.1350    6.1884    6.2365
  2.1160  -10.6548  -10.6463   -8.8367   -8.7730   -3.8618   -3.4300   -2.9236   -2.4579   -2.0492   -1.8998    1.0718    1.4135    2.0166    2.5019    2.5640    2.7410    5.0585    5.1023    6.0000    6.1155    6.2165    6.2608
  2.1328  -10.6395  -10.6303   -8.8491   -8.7828   -3.8880   -3.4471   -2.9231   -2.4532   -2.0719   -1.9130    1.0349    1.3698    2.0609    2.5616    2.5920    2.7741    5.1418    5.1902    5.9747    6.0796    6.2465    6.2920
  2.1495  -10.6244  -10.6145   -8.8616   -8.7927   -3.9133   -3.4662   -2.9175   -2.4456   -2.0944   -1.9272    0.9989    1.3282    2.1000    2.6103    2.6228    2.8104    5.2312    5.2849    5.9417    6.0370    6.2767    6.3280
  2.1663  -10.6098  -10.5992   -8.8739   -8.8026   -3.9372   -3.4861   -2.9079   -2.4354   -2.1166   -1.9423    0.9647    1.2896    2.1344    2.6381    2.6669    2.8462    5.3262    5.3855    5.9062    5.9935    6.3034    6.3668
  2.1831  -10.5959  -10.5846   -8.8858   -8.8124   -3.9594   -3.5059   -2.8954   -2.4226   -2.1386   -1.9584    0.9332    1.2545    2.1645    2.6613    2.7084    2.8785    5.4257    5.4907    5.8720    5.9527    6.3275    6.4134
  2.1998  -10.5829  -10.5710   -8.8971   -8.8217   -3.9796   -3.5246   -2.8812   -2.4075   -2.1602   -1.9754    0.9048    1.2235    2.1907    2.6834    2.7439    2.9053    5.5279    5.5969    5.8434    5.9168    6.3264    6.4513
  2.2166  -10.5712  -10.5587   -8.9074   -8.8304   -3.9972   -3.5416   -2.8662   -2.3906   -2.1813   -1.9929    0.8801    1.1970    2.2133    2.7052    2.7728    2.9255    5.6290    5.6930    5.8305    5.8890    6.3173    6.4626
  2.2334  -10.5610  -10.5480   -8.9166   -8.8381   -4.0121   -3.5562   -2.8516   -2.3722   -2.2015   -2.0104    0.8595    1.1751    2.2323    2.7265    2.7946    2.9388    5.7185    5.7404    5.8649    5.8821    6.2986    6.4579
  2.2501  -10.5525  -10.5391   -8.9242   -8.8446   -4.0240   -3.5681   -2.8385   -2.3530   -2.2205   -2.0270    0.8432    1.1580    2.2475    2.7474    2.8091    2.9460    5.7372    5.7722    5.9012    5.9585    6.2731    6.4459
  2.2669  -10.5462  -10.5324   -8.9301   -8.8497   -4.0327   -3.5769   -2.8279   -2.3341   -2.2380   -2.0411    0.8315    1.1458    2.2588    2.7675    2.8157    2.9484    5.7294    5.7798    5.9659    6.0399    6.2454    6.4354
  2.2837  -10.5422  -10.5282   -8.9337   -8.8529   -4.0380   -3.5824   -2.8209   -2.3175   -2.2529   -2.0511    0.8244    1.1385    2.2659    2.7862    2.8139    2.9480    5.7236    5.7769    6.0214    6.0964    6.2225    6.4332
  2.3004  -10.5408  -10.5267   -8.9350   -8.8539   -4.0398   -3.5843   -2.8184   -2.3095   -2.2601   -2.0547    0.8220    1.1360    2.2682    2.8027    2.8031    2.9474    5.7217    5.7753    6.0409    6.1158    6.2146    6.4366
  2.3004  -10.5408  -10.5267   -8.9350   -8.8539   -4.0398   -3.5843   -2.8184   -2.3095   -2.2601   -2.0547    0.8220    1.1360    2.2682    2.8027    2.8031    2.9474    5.7217    5.7753    6.0409    6.1158    6.2146    6.4366
  2.3340  -10.5468  -10.5331   -8.9291   -8.8487   -4.0328   -3.5769   -2.8290   -2.3394   -2.2341   -2.0381    0.8311    1.1453    2.2577    2.7544    2.8274    2.9529    5.7274    5.7829    5.9929    6.0658    6.1988    6.3783
  2.3675  -10.5656  -10.5528   -8.9107   -8.8322   -4.0113   -3.5543   -2.8598   -2.3964   -2.1852   -1.9921    0.8579    1.1723    2.2254    2.6769    2.8384    2.9709    5.7292    5.8022    5.9181    5.9786    6.1153    6.2260
  2.4010  -10.5978  -10.5864   -8.8791   -8.8035   -3.9758   -3.5166   -2.9055   -2.4640   -2.1227   -1.9267    0.9008    1.2153    2.1720    2.5800    2.8398    2.9955    5.6792    5.8141    5.8627    5.9058    6.0106    6.0610
  2.4345  -10.6432  -10.6333   -8.8346   -8.7626   -3.9271   -3.4640   -2.9590   -2.5356   -2.0490   -1.8502    0.9577    1.2722    2.1010    2.4713    2.8360    3.0193    5.5679    5.7531    5.7883    5.8451    5.9597    5.9664
  2.4681  -10.7005  -10.6922   -8.7782   -8.7102   -3.8667   -3.3977   -3.0136   -2.6067   -1.9671   -1.7672    1.0259    1.3402    2.0178    2.3562    2.8281    3.0375    5.4310    5.6239    5.6647    5.7421    5.9550    5.9643
  2.5016  -10.7682  -10.7612   -8.7118   -8.6477   -3.7967   -3.3194   -3.0623   -2.6734   -1.8799   -1.6806    1.1023    1.4160    1.9283    2.2391    2.8161    3.0479    5.2864    5.4571    5.5499    5.6182    5.9208    5.9501
  2.5351  -10.8443  -10.8381   -8.6374   -8.5771   -3.7206   -3.2342   -3.0957   -2.7318   -1.7896   -1.5926    1.1830    1.4946    1.8402    2.1237    2.8003    3.0496    5.1414    5.2910    5.4279    5.4811    5.8501    5.8812
  2.5687  -10.9270  -10.9210   -8.5572   -8.5002   -3.6442   -3.1670   -3.0849   -2.7767   -1.6982   -1.5049    1.2618    1.5643    1.7672    2.0137    2.7822    3.0429    4.9997    5.1309    5.3010    5.3394    5.7447    5.7683
  2.6022  -11.0143  -11.0081   -8.4735   -8.4192   -3.5754   -3.1382   -3.0101   -2.7967   -1.6074   -1.4192    1.3267    1.5937    1.7437    1.9155    2.7644    3.0293    4.8632    4.9782    5.1728    5.2001    5.6227    5.6428
  2.6357  -11.1043  -11.0977   -8.3883   -8.3360   -3.5218   -3.0914   -2.9485   -2.7613   -1.5185   -1.3369    1.3539    1.5885    1.7523    1.8604    2.7509    3.0109    4.7330    4.8333    5.0457    5.0671    5.5010    5.5198
  2.6693  -11.1955  -11.1885   -8.3035   -8.2527   -3.4827   -3.0148   -2.9230   -2.6594   -1.4330   -1.2595    1.3285    1.5986    1.7065    1.8934    2.7456    2.9907    4.6099    4.6965    4.9215    4.9421    5.3879    5.4060
  2.7028  -11.2865  -11.2792   -8.2208   -8.1710   -3.4491   -2.9416   -2.8739   -2.5255   -1.3518   -1.1881    1.2759    1.5786    1.6883    1.9466    2.7509    2.9721    4.4944    4.5678    4.8020    4.8242    5.2875    5.3053
  2.7363  -11.3763  -11.3687   -8.1417   -8.0926   -3.4112   -2.9059   -2.7592   -2.3780   -1.2758   -1.1235    1.2188    1.5221    1.7020    1.9950    2.7642    2.9592    4.3874    4.4475    4.6885    4.7122    5.2020    5.2196
  2.7698  -11.4639  -11.4562   -8.0675   -8.0190   -3.3627   -2.8654   -2.6227   -2.2231   -1.2056   -1.0661    1.1659    1.4657    1.7046    2.0357    2.7771    2.9562    4.2893    4.3358    4.5813    4.6057    5.1323    5.1494
  2.8034  -11.5485  -11.5407   -7.9990   -7.9513   -3.2999   -2.8099   -2.4775   -2.0644   -1.1412   -1.0156    1.1206    1.4169    1.6883    2.0685    2.7781    2.9650    4.2002    4.2329    4.4802    4.5045    5.0776    5.0937
  2.8369  -11.6294  -11.6217   -7.9370   -7.8903   -3.2209   -2.7379   -2.3280   -1.9053   -1.0822   -0.9708    1.0836    1.3769    1.6558    2.0934    2.7607    2.9791    4.1189    4.1395    4.3854    4.4088    5.0352    5.0498
  2.8704  -11.7061  -11.6986   -7.8818   -7.8365   -3.1253   -2.6499   -2.1771   -1.7493   -1.0274   -0.9296    1.0547    1.3444    1.6128    2.1113    2.7238    2.9865    4.0416    4.0569    4.2971    4.3188    5.0009    5.0133
  2.9040  -11.7780  -11.7708   -7.8335   -7.7902   -3.0134   -2.5474   -2.0269   -1.6008   -0.9748   -0.8895    1.0326    1.3160    1.5660    2.1240    2.6669    2.9776    3.9652    3.9841    4.2154    4.2347    4.9690    4.9797
  2.9375  -11.8448  -11.8379   -7.7920   -7.7512   -2.8866   -2.4334   -1.8786   -1.4651   -0.9212   -0.8474    1.0149    1.2849    1.5242    2.1333    2.5909    2.9472    3.8917    3.9147    4.1401    4.1563    4.9342    4.9456
  2.9710  -11.9060  -11.8996   -7.7568   -7.7190   -2.7472   -2.3123   -1.7319   -1.3472   -0.8622   -0.8011    0.9980    1.2410    1.4984    2.1388    2.5005    2.8950    3.8218    3.8453    4.0706    4.0834    4.8943    4.9087
  3.0045  -11.9615  -11.9556   -7.7275   -7.6931   -2.5984   -2.1903   -1.5845   -1.2500   -0.7949   -0.7493    0.9766    1.1776    1.4948    2.1329    2.4093    2.8245    3.7554    3.7758    4.0063    4.0160    4.8499    4.8684
  3.0381  -12.0108  -12.0056   -7.7034   -7.6728   -2.4449   -2.0751   -1.4319   -1.1705   -0.7223   -0.6908    0.9422    1.0967    1.5112    2.0925    2.3483    2.7424    3.6933    3.7080    3.9470    3.9545    4.8029    4.8253
  3.0716  -12.0540  -12.0493   -7.6839   -7.6573   -2.2928   -1.9742   -1.2692   -1.0994   -0.6554   -0.6216    0.8818    1.0055    1.5404    2.0048    2.3400    2.6588    3.6365    3.6447    3.8931    3.8992    4.7551    4.7807
  3.1051  -12.0907  -12.0867   -7.6684   -7.6460   -2.1496   -1.8926   -1.0953   -1.0242   -0.5988   -0.5455    0.7833    0.9087    1.5739    1.8994    2.3653    2.5852    3.5858    3.5885    3.8454    3.8505    4.7082    4.7357
  3.1387  -12.1208  -12.1176   -7.6562   -7.6381   -2.0236   -1.8317   -0.9534   -0.8940   -0.5505   -0.4699    0.6511    0.7957    1.6036    1.8041    2.4047    2.5325    3.5391    3.5440    3.8045    3.8090    4.6640    4.6918
  3.1722  -12.1442  -12.1418   -7.6467   -7.6331   -1.9215   -1.7904   -0.8529   -0.7080   -0.5060   -0.3951    0.4986    0.6553    1.6234    1.7322    2.4471    2.5060    3.5008    3.5088    3.7710    3.7751    4.6251    4.6507
  3.2057  -12.1609  -12.1593   -7.6396   -7.6306   -1.8463   -1.7667   -0.7486   -0.5757   -0.4198   -0.3171    0.3408    0.4889    1.6328    1.6853    2.4837    2.5023    3.4733    3.4820    3.7458    3.7497    4.5948    4.6152
  3.2393  -12.1708  -12.1700   -7.6346   -7.6301   -1.7966   -1.7594   -0.6540   -0.5554   -0.2625   -0.2334    0.2057    0.3125    1.6371    1.6581    2.5074    2.5100    3.4576    3.4642    3.7299    3.7337    4.5765    4.5893
  3.2728  -12.1738  -12.1738   -7.6314   -7.6314   -1.7688   -1.7687   -0.5866   -0.5866   -0.1790   -0.1790    0.1792    0.1792    1.6437    1.6438    2.5151    2.5151    3.4540    3.4564    3.7245    3.7283    4.5727    4.5775
