#K-Path     Band-1    Band-2    Band-3    Band-4      ...     Band-n
  0.0000  -10.5381  -10.5241   -8.9323   -8.8513   -4.0372   -3.5816   -2.8157   -2.3068   -2.2574   -2.0521    0.8247    1.1387    2.2709    2.8054    2.8058    2.9500    5.7244    5.7779    6.0436    6.1184    6.2173    6.4393
  0.0198  -10.5402  -10.5263   -8.9303   -8.8494   -4.0347   -3.5791   -2.8195   -2.3191   -2.2465   -2.0462    0.8279    1.1420    2.2673    2.7810    2.8217    2.9518    5.7267    5.7806    6.0231    6.0975    6.2156    6.4205
  0.0397  -10.5466  -10.5330   -8.9240   -8.8439   -4.0272   -3.5712   -2.8306   -2.3460   -2.2235   -2.0289    0.8374    1.1517    2.2561    2.7447    2.8331    2.9580    5.7317    5.7885    5.9817    6.0535    6.1905    6.3572
  0.0595  -10.5576  -10.5445   -8.9133   -8.8343   -4.0147   -3.5581   -2.8487   -2.3797   -2.1948   -2.0018    0.8531    1.1675    2.2372    2.6990    2.8396    2.9687    5.7338    5.8000    5.9366    6.0014    6.1407    6.2663
  0.0794  -10.5732  -10.5609   -8.8980   -8.8205   -3.9972   -3.5395   -2.8726   -2.4177   -2.1611   -1.9671    0.8746    1.1891    2.2108    2.6458    2.8424    2.9823    5.7223    5.8122    5.8984    5.9498    6.0789    6.1663
  0.0992  -10.5936  -10.5821   -8.8780   -8.8023   -3.9749   -3.5157   -2.9008   -2.4584   -2.1229   -1.9270    0.9015    1.2160    2.1772    2.5869    2.8425    2.9972    5.6854    5.8172    5.8676    5.9104    6.0172    6.0699
  0.1191  -10.6186  -10.6080   -8.8535   -8.7798   -3.9479   -3.4867   -2.9318   -2.5006   -2.0806   -1.8829    0.9332    1.2478    2.1374    2.5238    2.8409    3.0118    5.6255    5.7938    5.8332    5.8816    5.9731    5.9954
  0.1389  -10.6480  -10.6384   -8.8245   -8.7531   -3.9165   -3.4527   -2.9643   -2.5432   -2.0350   -1.8360    0.9694    1.2839    2.0924    2.4578    2.8377    3.0249    5.5519    5.7415    5.7734    5.8349    5.9611    5.9664
  0.1588  -10.6815  -10.6728   -8.7915   -8.7225   -3.8811   -3.4139   -2.9967   -2.5855   -1.9868   -1.7870    1.0095    1.3239    2.0434    2.3897    2.8332    3.0360    5.4712    5.6678    5.6979    5.7746    5.9594    5.9666
  0.1786  -10.7188  -10.7110   -8.7548   -8.6881   -3.8421   -3.3706   -3.0278   -2.6265   -1.9364   -1.7366    1.0528    1.3670    1.9916    2.3206    2.8273    3.0445    5.3869    5.5729    5.6305    5.7062    5.9515    5.9662
  0.1984  -10.7596  -10.7525   -8.7148   -8.6505   -3.8000   -3.3235   -3.0560   -2.6655   -1.8844   -1.6851    1.0985    1.4123    1.9384    2.2513    2.8199    3.0500    5.3010    5.4736    5.5622    5.6316    5.9278    5.9558
  0.2183  -10.8034  -10.7969   -8.6720   -8.6099   -3.7557   -3.2735   -3.0795   -2.7018   -1.8314   -1.6331    1.1459    1.4589    1.8853    2.1825    2.8111    3.0525    5.2149    5.3745    5.4912    5.5520    5.8918    5.9253
  0.2381  -10.8498  -10.8436   -8.6268   -8.5668   -3.7101   -3.2230   -3.0949   -2.7344   -1.7776   -1.5809    1.1939    1.5051    1.8344    2.1148    2.8012    3.0519    5.1294    5.2770    5.4178    5.4694    5.8434    5.8737
  0.2580  -10.8985  -10.8924   -8.5796   -8.5216   -3.6645   -3.1794   -3.0939   -2.7622   -1.7235   -1.5289    1.2411    1.5479    1.7891    2.0492    2.7905    3.0484    5.0453    5.1818    5.3428    5.3855    5.7825    5.8080
  0.2778  -10.9489  -10.9429   -8.5309   -8.4747   -3.6207   -3.1548   -3.0643   -2.7831   -1.6695   -1.4775    1.2852    1.5813    1.7561    1.9866    2.7796    3.0423    4.9628    5.0892    5.2670    5.3018    5.7133    5.7355
  0.2977  -11.0007  -10.9946   -8.4812   -8.4266   -3.5804   -3.1392   -3.0173   -2.7937   -1.6157   -1.4269    1.3229    1.5960    1.7455    1.9290    2.7691    3.0339    4.8823    4.9991    5.1911    5.2195    5.6405    5.6609
  0.3175  -11.0536  -11.0472   -8.4309   -8.3776   -3.5455   -3.1175   -2.9730   -2.7867   -1.5627   -1.3774    1.3487    1.5935    1.7543    1.8822    2.7600    3.0238    4.8039    4.9118    5.1156    5.1394    5.5676    5.5869
  0.3374  -11.1072  -11.1006   -8.3804   -8.3283   -3.5164   -3.0848   -2.9436   -2.7540   -1.5105   -1.3294    1.3564    1.5913    1.7535    1.8630    2.7530    3.0124    4.7279    4.8273    5.0407    5.0619    5.4965    5.5152
  0.3572  -11.1611  -11.1543   -8.3301   -8.2789   -3.4924   -3.0413   -2.9278   -2.6973   -1.4595   -1.2831    1.3448    1.5972    1.7271    1.8791    2.7490    3.0004    4.6544    4.7457    4.9668    4.9872    5.4285    5.4468
  0.3770  -11.2151  -11.2081   -8.2803   -8.2298   -3.4717   -2.9910   -2.9140   -2.6258   -1.4100   -1.2388    1.3196    1.6020    1.6990    1.9090    2.7486    2.9886    4.5835    4.6669    4.8944    4.9153    5.3647    5.3827
  0.3969  -11.2690  -11.2618   -8.2314   -8.1815   -3.4519   -2.9473   -2.8847   -2.5459   -1.3620   -1.1966    1.2879    1.5886    1.6900    1.9407    2.7520    2.9776    4.5154    4.5909    4.8238    4.8456    5.3056    5.3234
  0.4167  -11.3225  -11.3151   -8.1837   -8.1343   -3.4311   -2.9223   -2.8268   -2.4608   -1.3159   -1.1569    1.2539    1.5584    1.6967    1.9709    2.7586    2.9683    4.4502    4.5179    4.7553    4.7782    5.2516    5.2693
  0.4366  -11.3754  -11.3679   -8.1375   -8.0884   -3.4077   -2.9025   -2.7539   -2.3722   -1.2717   -1.1196    1.2203    1.5236    1.7049    1.9986    2.7672    2.9617    4.3880    4.4478    4.6890    4.7127    5.2031    5.2206
  0.4564  -11.4276  -11.4199   -8.0929   -8.0442   -3.3804   -2.8800   -2.6743   -2.2811   -1.2295   -1.0849    1.1883    1.4895    1.7085    2.0236    2.7756    2.9586    4.3289    4.3807    4.6248    4.6491    5.1601    5.1775
  0.4763  -11.4788  -11.4710   -8.0503   -8.0020   -3.3484   -2.8527   -2.5909   -2.1882   -1.1893   -1.0526    1.1587    1.4577    1.7055    2.0458    2.7813    2.9598    4.2731    4.3167    4.5628    4.5873    5.1226    5.1396
  0.4961  -11.5288  -11.5211   -8.0098   -7.9619   -3.3113   -2.8199   -2.5049   -2.0942   -1.1512   -1.0227    1.1318    1.4288    1.6957    2.0652    2.7820    2.9651    4.2204    4.2558    4.5030    4.5274    5.0903    5.1067
  0.5159  -11.5777  -11.5699   -7.9715   -7.9241   -3.2685   -2.7813   -2.4171   -1.9999   -1.1150   -0.9949    1.1079    1.4031    1.6800    2.0818    2.7763    2.9732    4.1706    4.1982    4.4454    4.4694    5.0625    5.0782
  0.5358  -11.6251  -11.6174   -7.9355   -7.8888   -3.2200   -2.7369   -2.3284   -1.9058   -1.0806   -0.9689    1.0869    1.3803    1.6593    2.0956    2.7640    2.9815    4.1232    4.1440    4.3900    4.4134    5.0387    5.0533
  0.5556  -11.6711  -11.6635   -7.9019   -7.8560   -3.1656   -2.6868   -2.2391   -1.8128   -1.0478   -0.9443    1.0688    1.3602    1.6348    2.1070    2.7447    2.9876    4.0773    4.0936    4.3368    4.3594    5.0177    5.0310
  0.5755  -11.7155  -11.7080   -7.8708   -7.8258   -3.1054   -2.6314   -2.1498   -1.7217   -1.0160   -0.9204    1.0533    1.3423    1.6079    2.1163    2.7185    2.9890    4.0317    4.0472    4.2860    4.3074    4.9984    5.0104
  0.5953  -11.7582  -11.7509   -7.8420   -7.7982   -3.0396   -2.5711   -2.0609   -1.6335   -0.9850   -0.8967    1.0401    1.3255    1.5801    2.1239    2.6853    2.9843    3.9864    4.0041    4.2375    4.2574    4.9796    4.9905
  0.6152  -11.7991  -11.7920   -7.8157   -7.7732   -2.9683   -2.5063   -1.9726   -1.5493   -0.9539   -0.8725    1.0288    1.3087    1.5531    2.1302    2.6452    2.9723    3.9420    3.9626    4.1912    4.2095    4.9601    4.9707
  0.6350  -11.8381  -11.8313   -7.7916   -7.7507   -2.8921   -2.4380   -1.8850   -1.4702   -0.9219   -0.8474    1.0186    1.2897    1.5291    2.1354    2.5988    2.9524    3.8988    3.9216    4.1472    4.1636    4.9392    4.9504
  0.6549  -11.8753  -11.8687   -7.7699   -7.7306   -2.8113   -2.3670   -1.7980   -1.3974   -0.8881   -0.8207    1.0088    1.2664    1.5106    2.1395    2.5469    2.9248    3.8569    3.8806    4.1052    4.1196    4.9163    4.9291
  0.6747  -11.9104  -11.9041   -7.7502   -7.7128   -2.7267   -2.2946   -1.7113   -1.3315   -0.8517   -0.7924    0.9984    1.2370    1.4994    2.1416    2.4916    2.8899    3.8161    3.8394    4.0651    4.0775    4.8917    4.9066
  0.6945  -11.9435  -11.9375   -7.7326   -7.6972   -2.6390   -2.2222   -1.6242   -1.2731   -0.8122   -0.7620    0.9862    1.2004    1.4962    2.1394    2.4366    2.8488    3.7766    3.7982    4.0268    4.0374    4.8656    4.8829
  0.7144  -11.9746  -11.9689   -7.7169   -7.6836   -2.5490   -2.1513   -1.5359   -1.2215   -0.7702   -0.7296    0.9706    1.1571    1.5007    2.1283    2.3882    2.8028    3.7386    3.7574    3.9902    3.9992    4.8384    4.8581
  0.7342  -12.0034  -11.9981   -7.7030   -7.6719   -2.4580   -2.0836   -1.4451   -1.1753   -0.7270   -0.6945    0.9493    1.1082    1.5115    2.1016    2.3548    2.7537    3.7021    3.7175    3.9555    3.9632    4.8104    4.8325
  0.7541  -12.0301  -12.0251   -7.6907   -7.6620   -2.3671   -2.0208   -1.3510   -1.1326   -0.6855   -0.6557    0.9195    1.0555    1.5271    2.0568    2.3410    2.7037    3.6674    3.6790    3.9226    3.9293    4.7821    4.8062
  0.7739  -12.0545  -12.0500   -7.6799   -7.6536   -2.2780   -1.9641   -1.2527   -1.0910   -0.6477   -0.6128    0.8779    1.0005    1.5457    1.9991    2.3438    2.6549    3.6348    3.6425    3.8917    3.8976    4.7539    4.7797
  0.7938  -12.0767  -12.0726   -7.6704   -7.6466   -2.1922   -1.9142   -1.1502   -1.0476   -0.6137   -0.5678    0.8224    0.9440    1.5657    1.9364    2.3574    2.6101    3.6044    3.6085    3.8630    3.8683    4.7259    4.7530
  0.8136  -12.0966  -12.0929   -7.6622   -7.6409   -2.1115   -1.8717   -1.0466   -0.9976   -0.5826   -0.5226    0.7537    0.8836    1.5852    1.8750    2.3776    2.5715    3.5757    3.5781    3.8366    3.8415    4.6988    4.7266
  0.8335  -12.1142  -12.1109   -7.6550   -7.6364   -2.0375   -1.8365   -0.9655   -0.9168   -0.5543   -0.4779    0.6742    0.8161    1.6026    1.8191    2.4014    2.5411    3.5481    3.5524    3.8126    3.8171    4.6728    4.7006
  0.8533  -12.1295  -12.1266   -7.6489   -7.6329   -1.9718   -1.8082   -0.9062   -0.8076   -0.5283   -0.4337    0.5870    0.7390    1.6166    1.7713    2.4266    2.5200    3.5233    3.5299    3.7912    3.7954    4.6484    4.6755
  0.8731  -12.1424  -12.1400   -7.6437   -7.6303   -1.9152   -1.7864   -0.8461   -0.6981   -0.5013   -0.3894    0.4948    0.6516    1.6267    1.7325    2.4514    2.5081    3.5021    3.5103    3.7725    3.7765    4.6264    4.6518
  0.8930  -12.1529  -12.1510   -7.6393   -7.6286   -1.8681   -1.7708   -0.7841   -0.6072   -0.4604   -0.3438    0.4009    0.5550    1.6330    1.7025    2.4741    2.5043    3.4847    3.4936    3.7567    3.7606    4.6074    4.6300
  0.9128  -12.1611  -12.1596   -7.6357   -7.6276   -1.8303   -1.7610   -0.7232   -0.5612   -0.3839   -0.2959    0.3095    0.4519    1.6366    1.6804    2.4930    2.5062    3.4714    3.4799    3.7440    3.7479    4.5922    4.6111
  0.9327  -12.1668  -12.1658   -7.6327   -7.6273   -1.8013   -1.7569   -0.6671   -0.5515   -0.2881   -0.2461    0.2289    0.3469    1.6390    1.6646    2.5069    2.5111    3.4622    3.4694    3.7348    3.7386    4.5815    4.5958
  0.9525  -12.1702  -12.1697   -7.6304   -7.6277   -1.7801   -1.7585   -0.6198   -0.5607   -0.2074   -0.1997    0.1763    0.2496    1.6419    1.6537    2.5152    2.5158    3.4573    3.4624    3.7291    3.7329    4.5759    4.5852
  0.9724  -12.1711  -12.1711   -7.6288   -7.6288   -1.7661   -1.7661   -0.5839   -0.5839   -0.1763   -0.1763    0.1819    0.1819    1.6464    1.6464    2.5178    2.5178    3.4566    3.4591    3.7272    3.7310    4.5754    4.5802
  0.9724  -12.1711  -12.1711   -7.6288   -7.6288   -1.7661   -1.7661   -0.5839   -0.5839   -0.1763   -0.1763    0.1819    0.1819    1.6464    1.6464    2.5178    2.5178    3.4566    3.4591    3.7272    3.7310    4.5754    4.5802
  0.9895  -12.1704  -12.1700   -7.6302   -7.6278   -1.7779   -1.7591   -0.6146   -0.5629   -0.2001   -0.1938    0.1732    0.2377    1.6424    1.6525    2.5159    2.5162    3.4571    3.4617    3.7286    3.7324    4.5754    4.5843
  1.0067  -12.1679  -12.1671   -7.6320   -7.6274   -1.7950   -1.7567   -0.6540   -0.5523   -0.2638   -0.2318    0.2112    0.3189    1.6399    1.6612    2.5105    2.5116    3.4606    3.4671    3.7330    3.7366    4.5793    4.5927
  1.0239  -12.1637  -12.1624   -7.6344   -7.6274   -1.8179   -1.7586   -0.7007   -0.5545   -0.3448   -0.2749    0.2755    0.4086    1.6382    1.6730    2.5020    2.5051    3.4673    3.4752    3.7400    3.7436    4.5871    4.6047
  1.0411  -12.1576  -12.1559   -7.6373   -7.6280   -1.8471   -1.7649   -0.7524   -0.5780   -0.4205   -0.3176    0.3519    0.4985    1.6368    1.6887    2.4910    2.4983    3.4772    3.4857    3.7497    3.7532    4.5985    4.6197
  1.0583  -12.1497  -12.1476   -7.6407   -7.6291   -1.8831   -1.7754   -0.8064   -0.6360   -0.4704   -0.3584    0.4330    0.5837    1.6353    1.7091    2.4789    2.4926    3.4901    3.4986    3.7619    3.7653    4.6130    4.6372
  1.0755  -12.1400  -12.1376   -7.6447   -7.6308   -1.9263   -1.7906   -0.8604   -0.7215   -0.4976   -0.3973    0.5146    0.6609    1.6334    1.7350    2.4668    2.4895    3.5061    3.5137    3.7763    3.7797    4.6303    4.6566
  1.0926  -12.1286  -12.1257   -7.6494   -7.6331   -1.9767   -1.8106   -0.9125   -0.8168   -0.5171   -0.4348    0.5937    0.7273    1.6315    1.7676    2.4561    2.4904    3.5248    3.5310    3.7930    3.7963    4.6497    4.6773
  1.1098  -12.1154  -12.1121   -7.6547   -7.6362   -2.0342   -1.8360   -0.9615   -0.9134   -0.5353   -0.4711    0.6674    0.7805    1.6303    1.8077    2.4479    2.4961    3.5461    3.5504    3.8117    3.8150    4.6708    4.6991
  1.1270  -12.1004  -12.0968   -7.6608   -7.6400   -2.0983   -1.8672   -1.0077   -1.0070   -0.5539   -0.5064    0.7331    0.8192    1.6313    1.8559    2.4430    2.5073    3.5698    3.5719    3.8325    3.8357    4.6934    4.7215
  1.1442  -12.0838  -12.0797   -7.6677   -7.6447   -2.1680   -1.9046   -1.0978   -1.0491   -0.5734   -0.5406    0.7883    0.8429    1.6364    1.9119    2.4420    2.5238    3.5948    3.5963    3.8551    3.8584    4.7170    4.7444
  1.1614  -12.0654  -12.0610   -7.6755   -7.6503   -2.2426   -1.9487   -1.1823   -1.0882   -0.5938   -0.5736    0.8309    0.8522    1.6476    1.9747    2.4449    2.5455    3.6202    3.6241    3.8797    3.8829    4.7415    4.7677
  1.1785  -12.0452  -12.0405   -7.6843   -7.6570   -2.3209   -1.9995   -1.2608   -1.1250   -0.6150   -0.6054    0.8489    0.8595    1.6663    2.0427    2.4516    2.5717    3.6472    3.6537    3.9060    3.9094    4.7667    4.7912
  1.1957  -12.0235  -12.0184   -7.6941   -7.6648   -2.4018   -2.0568   -1.3328   -1.1603   -0.6369   -0.6356    0.8347    0.8741    1.6928    2.1139    2.4616    2.6017    3.6758    3.6845    3.9342    3.9377    4.7924    4.8149
  1.2129  -12.0000  -11.9946   -7.7051   -7.6738   -2.4844   -2.1199   -1.3987   -1.1948   -0.6643   -0.6594    0.8121    0.8760    1.7262    2.1863    2.4746    2.6344    3.7056    3.7162    3.9640    3.9679    4.8188    4.8389
  1.2301  -11.9749  -11.9692   -7.7174   -7.6842   -2.5678   -2.1879   -1.4591   -1.2292   -0.6914   -0.6824    0.7830    0.8675    1.7646    2.2582    2.4897    2.6690    3.7365    3.7484    3.9953    4.0000    4.8457    4.8631
  1.2473  -11.9482  -11.9423   -7.7311   -7.6961   -2.6510   -2.2596   -1.5148   -1.2638   -0.7170   -0.7059    0.7494    0.8513    1.8059    2.3280    2.5065    2.7045    3.7681    3.7804    4.0282    4.0339    4.8733    4.8877
  1.2644  -11.9200  -11.9137   -7.7462   -7.7095   -2.7333   -2.3336   -1.5667   -1.2992   -0.7413   -0.7301    0.7130    0.8300    1.8479    2.3941    2.5242    2.7400    3.8003    3.8119    4.0624    4.0695    4.9016    4.9129
  1.2816  -11.8902  -11.8837   -7.7628   -7.7246   -2.8142   -2.4088   -1.6156   -1.3353   -0.7648   -0.7550    0.6753    0.8057    1.8891    2.4554    2.5422    2.7744    3.8327    3.8425    4.0980    4.1068    4.9307    4.9388
  1.2988  -11.8589  -11.8522   -7.7811   -7.7414   -2.8929   -2.4841   -1.6623   -1.3724   -0.7877   -0.7808    0.6377    0.7802    1.9281    2.5108    2.5601    2.8069    3.8653    3.8721    4.1348    4.1456    4.9605    4.9656
  1.3160  -11.8262  -11.8193   -7.8010   -7.7602   -2.9691   -2.5585   -1.7073   -1.4103   -0.8106   -0.8077    0.6014    0.7549    1.9638    2.5589    2.5781    2.8367    3.8979    3.9007    4.1729    4.1858    4.9904    4.9942
  1.3332  -11.7921  -11.7850   -7.8228   -7.7809   -3.0423   -2.6314   -1.7511   -1.4489   -0.8358   -0.8341    0.5672    0.7311    1.9957    2.5893    2.6053    2.8630    3.9283    3.9312    4.2122    4.2273    5.0196    5.0249
  1.3504  -11.7566  -11.7494   -7.8464   -7.8036   -3.1121   -2.7021   -1.7939   -1.4881   -0.8652   -0.8587    0.5360    0.7095    2.0232    2.6038    2.6391    2.8853    3.9561    3.9647    4.2526    4.2701    5.0485    5.0566
  1.3675  -11.7199  -11.7125   -7.8719   -7.8285   -3.1783   -2.7701   -1.8359   -1.5278   -0.8961   -0.8847    0.5085    0.6908    2.0460    2.6143    2.6671    2.9033    3.9845    3.9994    4.2941    4.3139    5.0772    5.0880
  1.3847  -11.6820  -11.6745   -7.8993   -7.8554   -3.2404   -2.8350   -1.8773   -1.5677   -0.9284   -0.9125    0.4853    0.6754    2.0641    2.6209    2.6891    2.9169    4.0142    4.0356    4.3364    4.3587    5.1051    5.1184
  1.4019  -11.6429  -11.6353   -7.9286   -7.8846   -3.2984   -2.8964   -1.9181   -1.6078   -0.9622   -0.9424    0.4667    0.6637    2.0773    2.6225    2.7060    2.9260    4.0460    4.0738    4.3795    4.4042    5.1315    5.1469
  1.4191  -11.6028  -11.5952   -7.9598   -7.9158   -3.3520   -2.9543   -1.9583   -1.6479   -0.9973   -0.9745    0.4529    0.6557    2.0856    2.6182    2.7191    2.9311    4.0804    4.1143    4.4228    4.4502    5.1559    5.1728
  1.4363  -11.5617  -11.5541   -7.9928   -7.9491   -3.4012   -3.0083   -1.9978   -1.6878   -1.0337   -1.0087    0.4440    0.6515    2.0892    2.6077    2.7297    2.9325    4.1178    4.1574    4.4661    4.4963    5.1780    5.1958
  1.4534  -11.5197  -11.5122   -8.0276   -7.9844   -3.4457   -3.0585   -2.0367   -1.7276   -1.0711   -1.0450    0.4398    0.6511    2.0883    2.5907    2.7385    2.9308    4.1582    4.2031    4.5088    4.5421    5.1978    5.2157
  1.4706  -11.4771  -11.4695   -8.0640   -8.0216   -3.4857   -3.1047   -2.0748   -1.7670   -1.1093   -1.0830    0.4404    0.6542    2.0831    2.5678    2.7460    2.9267    4.2015    4.2512    4.5502    4.5869    5.2160    5.2333
  1.4878  -11.4338  -11.4264   -8.1019   -8.0605   -3.5210   -3.1471   -2.1121   -1.8060   -1.1480   -1.1224    0.4453    0.6606    2.0741    2.5397    2.7526    2.9207    4.2471    4.3012    4.5896    4.6301    5.2338    5.2495
  1.5050  -11.3901  -11.3828   -8.1412   -8.1010   -3.5517   -3.1857   -2.1484   -1.8447   -1.1869   -1.1628    0.4542    0.6701    2.0615    2.5073    2.7583    2.9135    4.2944    4.3525    4.6267    4.6709    5.2525    5.2661
  1.5222  -11.3461  -11.3389   -8.1817   -8.1429   -3.5779   -3.2206   -2.1837   -1.8830   -1.2258   -1.2039    0.4668    0.6822    2.0458    2.4715    2.7632    2.9053    4.3424    4.4039    4.6612    4.7089    5.2741    5.2849
  1.5393  -11.3020  -11.2950   -8.2231   -8.1858   -3.5997   -3.2520   -2.2176   -1.9208   -1.2643   -1.2450    0.4827    0.6968    2.0276    2.4330    2.7673    2.8967    4.3897    4.4532    4.6942    4.7441    5.3000    5.3080
  1.5565  -11.2579  -11.2512   -8.2650   -8.2296   -3.6173   -3.2801   -2.2501   -1.9581   -1.3021   -1.2858    0.5015    0.7132    2.0073    2.3925    2.7708    2.8879    4.4342    4.4974    4.7280    4.7775    5.3316    5.3369
  1.5737  -11.2142  -11.2077   -8.3074   -8.2738   -3.6307   -3.3052   -2.2811   -1.9951   -1.3390   -1.3259    0.5228    0.7313    1.9856    2.3507    2.7738    2.8792    4.4735    4.5325    4.7665    4.8112    5.3693    5.3728
  1.5909  -11.1711  -11.1649   -8.3497   -8.3181   -3.6402   -3.3276   -2.3101   -2.0315   -1.3746   -1.3647    0.5462    0.7504    1.9630    2.3081    2.7762    2.8707    4.5048    4.5556    4.8132    4.8484    5.4129    5.4157
  1.6081  -11.1288  -11.1230   -8.3916   -8.3622   -3.6461   -3.3477   -2.3371   -2.0675   -1.4087   -1.4019    0.5713    0.7701    1.9401    2.2652    2.7783    2.8625    4.5263    4.5666    4.8689    4.8917    5.4622    5.4651
  1.6252  -11.0877  -11.0822   -8.4327   -8.4056   -3.6484   -3.3658   -2.3618   -2.1029   -1.4411   -1.4371    0.5977    0.7900    1.9176    2.2224    2.7800    2.8547    4.5376    4.5678    4.9323    4.9427    5.5166    5.5196
  1.6424  -11.0481  -11.0430   -8.4726   -8.4477   -3.6476   -3.3822   -2.3838   -2.1378   -1.4714   -1.4700    0.6251    0.8094    1.8960    2.1800    2.7815    2.8473    4.5403    4.5622    5.0004    5.0022    5.5749    5.5778
  1.6596  -11.0104  -11.0057   -8.5108   -8.4883   -3.6439   -3.3975   -2.4030   -2.1719   -1.5002   -1.4996    0.6531    0.8279    1.8760    2.1385    2.7828    2.8404    4.5365    4.5522    5.0653    5.0752    5.6359    5.6385
  1.6768  -10.9749  -10.9708   -8.5468   -8.5267   -3.6375   -3.4119   -2.4189   -2.2052   -1.5277   -1.5254    0.6813    0.8448    1.8581    2.0980    2.7841    2.8339    4.5285    4.5398    5.1345    5.1518    5.6978    5.7002
  1.6940  -10.9422  -10.9385   -8.5800   -8.5624   -3.6288   -3.4259   -2.4315   -2.2375   -1.5521   -1.5487    0.7094    0.8595    1.8431    2.0589    2.7853    2.8279    4.5182    4.5263    5.2070    5.2305    5.7578    5.7616
  1.7112  -10.9126  -10.9094   -8.6101   -8.5949   -3.6181   -3.4397   -2.4404   -2.2685   -1.5733   -1.5692    0.7368    0.8715    1.8314    2.0216    2.7867    2.8224    4.5070    4.5128    5.2817    5.3103    5.8128    5.8206
  1.7283  -10.8866  -10.8839   -8.6364   -8.6237   -3.6057   -3.4537   -2.4455   -2.2981   -1.5912   -1.5870    0.7633    0.8803    1.8236    1.9863    2.7881    2.8174    4.4960    4.5001    5.3571    5.3900    5.8592    5.8738
  1.7455  -10.8645  -10.8624   -8.6584   -8.6483   -3.5919   -3.4680   -2.4466   -2.3258   -1.6058   -1.6019    0.7883    0.8854    1.8202    1.9534    2.7897    2.8128    4.4860    4.4890    5.4317    5.4678    5.8928    5.9173
  1.7627  -10.8469  -10.8452   -8.6758   -8.6682   -3.5771   -3.4828   -2.4438   -2.3515   -1.6170   -1.6137    0.8115    0.8865    1.8214    1.9232    2.7914    2.8086    4.4778    4.4798    5.5033    5.5407    5.9114    5.9465
  1.7799  -10.8339  -10.8328   -8.6882   -8.6831   -3.5616   -3.4980   -2.4371   -2.3747   -1.6247   -1.6224    0.8323    0.8834    1.8273    1.8962    2.7935    2.8048    4.4716    4.4729    5.5682    5.6026    5.9178    5.9570
  1.7971  -10.8259  -10.8254   -8.6952   -8.6927   -3.5457   -3.5136   -2.4267   -2.3952   -1.6291   -1.6279    0.8503    0.8762    1.8379    1.8727    2.7958    2.8014    4.4680    4.4686    5.6202    5.6428    5.9210    5.9491
  1.8142  -10.8231  -10.8231   -8.6967   -8.6967   -3.5296   -3.5296   -2.4126   -2.4126   -1.6302   -1.6302    0.8651    0.8651    1.8532    1.8532    2.7984    2.7985    4.4668    4.4670    5.6485    5.6493    5.9314    5.9330
  1.8142  -10.8231  -10.8231   -8.6967   -8.6967   -3.5296   -3.5296   -2.4126   -2.4126   -1.6302   -1.6302    0.8651    0.8651    1.8532    1.8532    2.7984    2.7985    4.4668    4.4670    5.6485    5.6493    5.9314    5.9330
  1.8242  -10.8230  -10.8227   -8.6980   -8.6957   -3.5362   -3.5230   -2.4210   -2.4053   -1.6337   -1.6287    0.8565    0.8785    1.8459    1.8602    2.7905    2.8040    4.4668    4.4680    5.6454    5.6551    5.9316    5.9336
  1.8341  -10.8224  -10.8220   -8.6994   -8.6949   -3.5428   -3.5164   -2.4307   -2.3992   -1.6392   -1.6294    0.8527    0.8966    1.8383    1.8670    2.7801    2.8072    4.4678    4.4701    5.6449    5.6635    5.9320    5.9357
  1.8440  -10.8214  -10.8208   -8.7011   -8.6944   -3.5495   -3.5098   -2.4417   -2.3942   -1.6464   -1.6324    0.8537    0.9191    1.8305    1.8736    2.7673    2.8080    4.4698    4.4732    5.6470    5.6745    5.9331    5.9388
  1.8539  -10.8200  -10.8191   -8.7030   -8.6940   -3.5563   -3.5031   -2.4540   -2.3903   -1.6551   -1.6375    0.8595    0.9458    1.8223    1.8800    2.7523    2.8067    4.4728    4.4774    5.6517    5.6878    5.9350    5.9427
  1.8639  -10.8181  -10.8170   -8.7052   -8.6939   -3.5632   -3.4964   -2.4676   -2.3873   -1.6651   -1.6447    0.8698    0.9766    1.8139    1.8861    2.7352    2.8033    4.4769    4.4826    5.6589    5.7031    5.9378    5.9476
  1.8738  -10.8158  -10.8145   -8.7075   -8.6940   -3.5702   -3.4897   -2.4825   -2.3854   -1.6761   -1.6540    0.8844    1.0109    1.8052    1.8921    2.7163    2.7982    4.4821    4.4889    5.6682    5.7204    5.9413    5.9533
  1.8837  -10.8131  -10.8115   -8.7101   -8.6943   -3.5774   -3.4829   -2.4987   -2.3843   -1.6880   -1.6650    0.9030    1.0485    1.7962    1.8979    2.6957    2.7916    4.4884    4.4963    5.6795    5.7392    5.9456    5.9598
  1.8936  -10.8099  -10.8082   -8.7129   -8.6949   -3.5848   -3.4761   -2.5163   -2.3842   -1.7004   -1.6776    0.9252    1.0889    1.7869    1.9036    2.6739    2.7836    4.4958    4.5049    5.6927    5.7593    5.9508    5.9673
  1.9035  -10.8063  -10.8044   -8.7159   -8.6957   -3.5925   -3.4692   -2.5351   -2.3849   -1.7134   -1.6914    0.9505    1.1318    1.7775    1.9092    2.6512    2.7746    4.5044    4.5146    5.7074    5.7805    5.9567    5.9757
  1.9135  -10.8024  -10.8001   -8.7192   -8.6968   -3.6005   -3.4623   -2.5551   -2.3864   -1.7267   -1.7061    0.9785    1.1766    1.7680    1.9149    2.6280    2.7648    4.5141    4.5255    5.7233    5.8022    5.9635    5.9849
  1.9234  -10.7980  -10.7955   -8.7227   -8.6980   -3.6088   -3.4555   -2.5761   -2.3886   -1.7406   -1.7211    1.0084    1.2228    1.7586    1.9207    2.6046    2.7546    4.5251    4.5377    5.7404    5.8244    5.9710    5.9950
  1.9333  -10.7932  -10.7905   -8.7264   -8.6996   -3.6175   -3.4487   -2.5982   -2.3916   -1.7553   -1.7358    1.0396    1.2700    1.7492    1.9270    2.5815    2.7442    4.5374    4.5512    5.7583    5.8468    5.9794    6.0060
  1.9432  -10.7880  -10.7851   -8.7304   -8.7013   -3.6266   -3.4419   -2.6210   -2.3951   -1.7709   -1.7497    1.0713    1.3174    1.7401    1.9340    2.5592    2.7338    4.5510    4.5660    5.7769    5.8691    5.9885    6.0179
  1.9532  -10.7825  -10.7793   -8.7346   -8.7033   -3.6361   -3.4353   -2.6444   -2.3993   -1.7876   -1.7624    1.1026    1.3646    1.7314    1.9424    2.5382    2.7237    4.5659    4.5823    5.7959    5.8911    5.9984    6.0305
  1.9631  -10.7766  -10.7731   -8.7390   -8.7056   -3.6461   -3.4289   -2.6683   -2.4039   -1.8049   -1.7741    1.1323    1.4109    1.7230    1.9527    2.5189    2.7142    4.5823    4.5999    5.8153    5.9127    6.0090    6.0439
  1.9730  -10.7703  -10.7666   -8.7437   -8.7081   -3.6566   -3.4227   -2.6925   -2.4088   -1.8226   -1.7849    1.1593    1.4559    1.7150    1.9660    2.5017    2.7053    4.6001    4.6191    5.8347    5.9339    6.0204    6.0580
  1.9829  -10.7637  -10.7597   -8.7485   -8.7109   -3.6677   -3.4169   -2.7166   -2.4141   -1.8403   -1.7949    1.1825    1.4990    1.7073    1.9831    2.4871    2.6973    4.6195    4.6398    5.8542    5.9546    6.0324    6.0727
  1.9928  -10.7568  -10.7525   -8.7537   -8.7139   -3.6793   -3.4115   -2.7406   -2.4195   -1.8579   -1.8043    1.2009    1.5398    1.6997    2.0049    2.4754    2.6904    4.6405    4.6621    5.8736    5.9748    6.0450    6.0879
  2.0028  -10.7496  -10.7450   -8.7590   -8.7171   -3.6914   -3.4066   -2.7640   -2.4250   -1.8752   -1.8131    1.2138    1.5771    1.6931    2.0319    2.4668    2.6847    4.6632    4.6861    5.8928    5.9945    6.0582    6.1035
  2.0127  -10.7421  -10.7372   -8.7646   -8.7206   -3.7041   -3.4023   -2.7867   -2.4304   -1.8922   -1.8214    1.2209    1.6068    1.6914    2.0639    2.4614    2.6803    4.6875    4.7119    5.9117    6.0139    6.0717    6.1194
  2.0226  -10.7343  -10.7291   -8.7704   -8.7244   -3.7173   -3.3989   -2.8084   -2.4356   -1.9087   -1.8294    1.2222    1.6196    1.7039    2.1006    2.4594    2.6773    4.7137    4.7396    5.9302    6.0329    6.0855    6.1353
  2.0325  -10.7263  -10.7208   -8.7764   -8.7284   -3.7310   -3.3964   -2.8288   -2.4405   -1.9248   -1.8370    1.2184    1.6140    1.7321    2.1410    2.4607    2.6758    4.7418    4.7692    5.9479    6.0515    6.0995    6.1512
  2.0425  -10.7180  -10.7122   -8.7827   -8.7326   -3.7451   -3.3950   -2.8476   -2.4450   -1.9405   -1.8443    1.2102    1.5988    1.7671    2.1841    2.4652    2.6761    4.7718    4.8007    5.9648    6.0699    6.1133    6.1668
  2.0524  -10.7096  -10.7034   -8.7891   -8.7371   -3.7597   -3.3948   -2.8647   -2.4489   -1.9558   -1.8514    1.1982    1.5789    1.8041    2.2289    2.4727    2.6781    4.8039    4.8344    5.9804    6.0878    6.1270    6.1817
  2.0623  -10.7009  -10.6944   -8.7957   -8.7418   -3.7747   -3.3960   -2.8797   -2.4521   -1.9707   -1.8584    1.1832    1.5564    1.8413    2.2745    2.4830    2.6820    4.8380    4.8702    5.9941    6.1049    6.1402    6.1958
  2.0722  -10.6921  -10.6852   -8.8025   -8.7466   -3.7900   -3.3986   -2.8925   -2.4546   -1.9853   -1.8654    1.1658    1.5320    1.8776    2.3199    2.4956    2.6881    4.8743    4.9083    6.0052    6.1205    6.1530    6.2086
  2.0821  -10.6832  -10.6759   -8.8094   -8.7517   -3.8055   -3.4027   -2.9030   -2.4563   -1.9995   -1.8724    1.1468    1.5065    1.9127    2.3646    2.5101    2.6964    4.9127    4.9488    6.0129    6.1326    6.1660    6.2201
  2.0921  -10.6741  -10.6665   -8.8165   -8.7570   -3.8212   -3.4082   -2.9111   -2.4572   -2.0135   -1.8794    1.1264    1.4802    1.9462    2.4079    2.5261    2.7072    4.9535    4.9916    6.0162    6.1386    6.1800    6.2309
  2.1020  -10.6650  -10.6571   -8.8237   -8.7624   -3.8370   -3.4152   -2.9168   -2.4571   -2.0273   -1.8866    1.1052    1.4537    1.9779    2.4494    2.5428    2.7205    4.9965    5.0368    6.0143    6.1361    6.1954    6.2426
  2.1119  -10.6559  -10.6475   -8.8310   -8.7680   -3.8527   -3.4235   -2.9202   -2.4560   -2.0410   -1.8940    1.0835    1.4271    2.0075    2.4889    2.5597    2.7364    5.0418    5.0845    6.0071    6.1249    6.2120    6.2570
  2.1218  -10.6468  -10.6380   -8.8383   -8.7737   -3.8683   -3.4329   -2.9214   -2.4539   -2.0545   -1.9016    1.0616    1.4008    2.0353    2.5261    2.5765    2.7546    5.0894    5.1347    5.9951    6.1070    6.2294    6.2735
  2.1317  -10.6377  -10.6286   -8.8457   -8.7795   -3.8837   -3.4433   -2.9206   -2.4509   -2.0679   -1.9095    1.0398    1.3751    2.0611    2.5609    2.5929    2.7747    5.1392    5.1873    5.9792    6.0847    6.2475    6.2931
  2.1417  -10.6287  -10.6192   -8.8531   -8.7854   -3.8989   -3.4544   -2.9180   -2.4469   -2.0812   -1.9177    1.0183    1.3501    2.0850    2.5925    2.6096    2.7959    5.1912    5.2423    5.9605    6.0600    6.2665    6.3153
  2.1516  -10.6199  -10.6099   -8.8605   -8.7912   -3.9136   -3.4659   -2.9138   -2.4419   -2.0944   -1.9263    0.9973    1.3260    2.1072    2.6172    2.6305    2.8175    5.2453    5.2996    5.9401    6.0343    6.2829    6.3353
  2.1615  -10.6112  -10.6008   -8.8678   -8.7971   -3.9279   -3.4777   -2.9083   -2.4359   -2.1076   -1.9352    0.9769    1.3029    2.1277    2.6338    2.6568    2.8389    5.3012    5.3589    5.9190    6.0085    6.2990    6.3585
  2.1714  -10.6028  -10.5920   -8.8749   -8.8030   -3.9416   -3.4896   -2.9016   -2.4291   -2.1207   -1.9444    0.9574    1.2811    2.1467    2.6480    2.6829    2.8592    5.3589    5.4200    5.8981    5.9833    6.3133    6.3830
  2.1814  -10.5946  -10.5834   -8.8819   -8.8087   -3.9546   -3.5012   -2.8941   -2.4213   -2.1337   -1.9540    0.9389    1.2606    2.1643    2.6616    2.7071    2.8781    5.4181    5.4825    5.8780    5.9593    6.3228    6.4065
  2.1913  -10.5867  -10.5752   -8.8887   -8.8143   -3.9669   -3.5126   -2.8859   -2.4128   -2.1466   -1.9639    0.9215    1.2415    2.1805    2.6749    2.7293    2.8951    5.4783    5.5456    5.8596    5.9370    6.3276    6.4315
  2.2012  -10.5792  -10.5673   -8.8953   -8.8198   -3.9784   -3.5234   -2.8773   -2.4036   -2.1593   -1.9741    0.9053    1.2239    2.1954    2.6879    2.7492    2.9099    5.5389    5.6080    5.8442    5.9168    6.3282    6.4523
  2.2111  -10.5722  -10.5599   -8.9015   -8.8250   -3.9891   -3.5336   -2.8684   -2.3936   -2.1718   -1.9845    0.8904    1.2078    2.2090    2.7008    2.7668    2.9223    5.5991    5.6670    5.8342    5.8995    6.3250    6.4727
  2.2210  -10.5656  -10.5530   -8.9073   -8.8299   -3.9988   -3.5430   -2.8596   -2.3832   -2.1841   -1.9949    0.8769    1.1934    2.2214    2.7136    2.7819    2.9323    5.6573    5.7151    5.8363    5.8865    6.3160    6.4652
  2.2310  -10.5596  -10.5467   -8.9127   -8.8344   -4.0075   -3.5516   -2.8510   -2.3722   -2.1960   -2.0053    0.8648    1.1806    2.2325    2.7262    2.7946    2.9400    5.7101    5.7403    5.8604    5.8821    6.3045    6.4616
  2.2409  -10.5543  -10.5411   -8.9175   -8.8385   -4.0152   -3.5593   -2.8428   -2.3610   -2.2075   -2.0154    0.8543    1.1695    2.2423    2.7387    2.8047    2.9454    5.7414    5.7549    5.8811    5.9134    6.2905    6.4553
  2.2508  -10.5495  -10.5361   -8.9218   -8.8422   -4.0217   -3.5659   -2.8353   -2.3496   -2.2186   -2.0249    0.8453    1.1600    2.2507    2.7509    2.8122    2.9489    5.7396    5.7757    5.9061    5.9647    6.2747    6.4511
  2.2607  -10.5456  -10.5319   -8.9255   -8.8453   -4.0272   -3.5714   -2.8287   -2.3383   -2.2291   -2.0336    0.8379    1.1524    2.2578    2.7629    2.8169    2.9507    5.7349    5.7822    5.9437    6.0147    6.2581    6.4411
  2.2707  -10.5424  -10.5286   -8.9284   -8.8479   -4.0315   -3.5758   -2.8233   -2.3274   -2.2390   -2.0411    0.8321    1.1464    2.2635    2.7745    2.8188    2.9511    5.7305    5.7820    5.9831    6.0580    6.2421    6.4365
  2.2806  -10.5400  -10.5261   -8.9306   -8.8497   -4.0346   -3.5790   -2.8192   -2.3175   -2.2478   -2.0470    0.8280    1.1421    2.2676    2.7855    2.8176    2.9509    5.7271    5.7802    6.0161    6.0912    6.2286    6.4354
  2.2905  -10.5386  -10.5246   -8.9319   -8.8509   -4.0365   -3.5809   -2.8166   -2.3099   -2.2546   -2.0508    0.8255    1.1396    2.2701    2.7959    2.8132    2.9503    5.7251    5.7786    6.0370    6.1118    6.2198    6.4375
  2.3004  -10.5381  -10.5241   -8.9323   -8.8513   -4.0372   -3.5816   -2.8157   -2.3068   -2.2574   -2.0521    0.8247    1.1387    2.2709    2.8054    2.8058    2.9500    5.7244    5.7779    6.0436    6.1184    6.2173    6.4393
  2.3004  -10.5381  -10.5241   -8.9323   -8.8513   -4.0372   -3.5816   -2.8157   -2.3068   -2.2574   -2.0521    0.8247    1.1387    2.2709    2.8054    2.8058    2.9500    5.7244    5.7779    6.0436    6.1184    6.2173    6.4393
  2.3203  -10.5402  -10.5263   -8.9303   -8.8494   -4.0347   -3.5791   -2.8195   -2.3191   -2.2465   -2.0462    0.8279    1.1420    2.2673    2.7810    2.8217    2.9518    5.7267    5.7806    6.0231    6.0975    6.2156    6.4205
  2.3401  -10.5466  -10.5330   -8.9240   -8.8439   -4.0272   -3.5712   -2.8306   -2.3460   -2.2235   -2.0289    0.8374    1.1517    2.2561    2.7447    2.8331    2.9580    5.7317    5.7885    5.9817    6.0535    6.1905    6.3572
  2.3600  -10.5576  -10.5445   -8.9133   -8.8343   -4.0147   -3.5581   -2.8487   -2.3797   -2.1948   -2.0018    0.8531    1.1675    2.2372    2.6990    2.8396    2.9687    5.7338    5.8000    5.9366    6.0014    6.1407    6.2663
  2.3798  -10.5732  -10.5609   -8.8980   -8.8205   -3.9972   -3.5395   -2.8726   -2.4177   -2.1611   -1.9671    0.8746    1.1891    2.2108    2.6458    2.8424    2.9823    5.7223    5.8122    5.8984    5.9498    6.0789    6.1663
  2.3996  -10.5936  -10.5821   -8.8780   -8.8023   -3.9749   -3.5157   -2.9008   -2.4584   -2.1229   -1.9270    0.9015    1.2160    2.1772    2.5869    2.8425    2.9972    5.6854    5.8172    5.8676    5.9104    6.0172    6.0699
  2.4195  -10.6186  -10.6080   -8.8535   -8.7798   -3.9479   -3.4867   -2.9318   -2.5006   -2.0806   -1.8829    0.9332    1.2478    2.1374    2.5238    2.8409    3.0118    5.6255    5.7938    5.8332    5.8816    5.9731    5.9954
  2.4393  -10.6480  -10.6384   -8.8245   -8.7531   -3.9165   -3.4527   -2.9643   -2.5432   -2.0350   -1.8360    0.9694    1.2839    2.0924    2.4578    2.8377    3.0249    5.5519    5.7415    5.7734    5.8349    5.9611    5.9664
  2.4592  -10.6815  -10.6728   -8.7915   -8.7225   -3.8811   -3.4139   -2.9967   -2.5855   -1.9868   -1.7870    1.0095    1.3239    2.0434    2.3897    2.8332    3.0360    5.4712    5.6678    5.6979    5.7746    5.9594    5.9666
  2.4790  -10.7188  -10.7110   -8.7548   -8.6881   -3.8421   -3.3706   -3.0278   -2.6265   -1.9364   -1.7366    1.0528    1.3670    1.9916    2.3206    2.8273    3.0445    5.3869    5.5729    5.6305    5.7062    5.9518    5.9664
  2.4989  -10.7596  -10.7525   -8.7148   -8.6505   -3.8000   -3.3235   -3.0560   -2.6655   -1.8844   -1.6851    1.0985    1.4123    1.9384    2.2513    2.8199    3.0500    5.3010    5.4736    5.5622    5.6316    5.9278    5.9558
  2.5187  -10.8034  -10.7969   -8.6720   -8.6099   -3.7557   -3.2735   -3.0795   -2.7018   -1.8314   -1.6331    1.1459    1.4589    1.8853    2.1825    2.8111    3.0525    5.2149    5.3745    5.4912    5.5520    5.8919    5.9254
  2.5386  -10.8498  -10.8436   -8.6268   -8.5668   -3.7101   -3.2230   -3.0949   -2.7344   -1.7776   -1.5809    1.1939    1.5051    1.8344    2.1148    2.8012    3.0519    5.1294    5.2770    5.4178    5.4694    5.8434    5.8737
  2.5584  -10.8985  -10.8924   -8.5796   -8.5216   -3.6645   -3.1794   -3.0939   -2.7622   -1.7235   -1.5289    1.2411    1.5479    1.7891    2.0492    2.7905    3.0484    5.0453    5.1818    5.3428    5.3855    5.7825    5.8080
  2.5782  -10.9489  -10.9429   -8.5309   -8.4747   -3.6207   -3.1548   -3.0643   -2.7831   -1.6695   -1.4775    1.2852    1.5813    1.7561    1.9866    2.7796    3.0423    4.9628    5.0892    5.2670    5.3018    5.7133    5.7355
  2.5981  -11.0007  -10.9946   -8.4812   -8.4266   -3.5804   -3.1392   -3.0173   -2.7937   -1.6157   -1.4269    1.3229    1.5960    1.7455    1.9290    2.7691    3.0339    4.8823    4.9991    5.1911    5.2195    5.6405    5.6609
  2.6179  -11.0536  -11.0472   -8.4309   -8.3776   -3.5455   -3.1175   -2.9730   -2.7867   -1.5627   -1.3774    1.3487    1.5935    1.7543    1.8822    2.7600    3.0238    4.8039    4.9118    5.1156    5.1394    5.5676    5.5869
  2.6378  -11.1072  -11.1006   -8.3804   -8.3283   -3.5164   -3.0848   -2.9436   -2.7540   -1.5105   -1.3294    1.3564    1.5913    1.7535    1.8630    2.7530    3.0124    4.7279    4.8273    5.0407    5.0619    5.4965    5.5152
  2.6576  -11.1611  -11.1543   -8.3301   -8.2789   -3.4924   -3.0413   -2.9278   -2.6973   -1.4595   -1.2831    1.3448    1.5972    1.7271    1.8791    2.7490    3.0004    4.6544    4.7457    4.9668    4.9872    5.4285    5.4468
  2.6775  -11.2151  -11.2081   -8.2803   -8.2298   -3.4717   -2.9910   -2.9140   -2.6258   -1.4100   -1.2388    1.3196    1.6020    1.6990    1.9090    2.7486    2.9886    4.5835    4.6669    4.8944    4.9153    5.3647    5.3827
  2.6973  -11.2690  -11.2618   -8.2314   -8.1815   -3.4519   -2.9473   -2.8847   -2.5459   -1.3620   -1.1966    1.2879    1.5886    1.6900    1.9407    2.7520    2.9776    4.5154    4.5909    4.8238    4.8456    5.3056    5.3234
  2.7172  -11.3225  -11.3151   -8.1837   -8.1343   -3.4311   -2.9223   -2.8268   -2.4608   -1.3159   -1.1569    1.2539    1.5584    1.6967    1.9709    2.7586    2.9683    4.4502    4.5179    4.7553    4.7782    5.2516    5.2693
  2.7370  -11.3754  -11.3679   -8.1375   -8.0884   -3.4077   -2.9025   -2.7539   -2.3722   -1.2717   -1.1196    1.2203    1.5236    1.7049    1.9986    2.7672    2.9617    4.3880    4.4478    4.6890    4.7127    5.2031    5.2206
  2.7568  -11.4276  -11.4199   -8.0929   -8.0442   -3.3804   -2.8800   -2.6743   -2.2811   -1.2295   -1.0849    1.1883    1.4895    1.7085    2.0236    2.7756    2.9586    4.3289    4.3807    4.6248    4.6491    5.1601    5.1775
  2.7767  -11.4788  -11.4710   -8.0503   -8.0020   -3.3484   -2.8527   -2.5909   -2.1882   -1.1893   -1.0526    1.1587    1.4577    1.7055    2.0458    2.7813    2.9598    4.2731    4.3167    4.5628    4.5873    5.1226    5.1396
  2.7965  -11.5288  -11.5211   -8.0098   -7.9619   -3.3113   -2.8199   -2.5049   -2.0942   -1.1512   -1.0227    1.1318    1.4288    1.6957    2.0652    2.7820    2.9651    4.2204    4.2558    4.5030    4.5274    5.0903    5.1067
  2.8164  -11.5777  -11.5699   -7.9715   -7.9241   -3.2685   -2.7813   -2.4171   -1.9999   -1.1150   -0.9949    1.1079    1.4031    1.6800    2.0818    2.7763    2.9732    4.1706    4.1982    4.4454    4.4694    5.0625    5.0782
  2.8362  -11.6251  -11.6174   -7.9355   -7.8888   -3.2200   -2.7369   -2.3284   -1.9058   -1.0806   -0.9689    1.0869    1.3803    1.6593    2.0956    2.7640    2.9815    4.1232    4.1440    4.3900    4.4134    5.0387    5.0533
  2.8561  -11.6711  -11.6635   -7.9019   -7.8560   -3.1656   -2.6868   -2.2391   -1.8128   -1.0478   -0.9443    1.0688    1.3602    1.6348    2.1070    2.7447    2.9876    4.0773    4.0936    4.3368    4.3594    5.0177    5.0310
  2.8759  -11.7155  -11.7080   -7.8708   -7.8258   -3.1054   -2.6314   -2.1498   -1.7217   -1.0160   -0.9204    1.0533    1.3423    1.6079    2.1163    2.7185    2.9890    4.0317    4.0472    4.2860    4.3074    4.9984    5.0104
  2.8957  -11.7582  -11.7509   -7.8420   -7.7982   -3.0396   -2.5711   -2.0609   -1.6335   -0.9850   -0.8967    1.0401    1.3255    1.5801    2.1239    2.6853    2.9843    3.9864    4.0041    4.2375    4.2574    4.9796    4.9905
  2.9156  -11.7991  -11.7920   -7.8157   -7.7732   -2.9683   -2.5063   -1.9726   -1.5493   -0.9539   -0.8725    1.0288    1.3087    1.5531    2.1302    2.6452    2.9723    3.9420    3.9626    4.1912    4.2095    4.9601    4.9707
  2.9354  -11.8381  -11.8313   -7.7916   -7.7507   -2.8921   -2.4380   -1.8850   -1.4702   -0.9219   -0.8474    1.0186    1.2897    1.5291    2.1354    2.5988    2.9524    3.8988    3.9216    4.1472    4.1636    4.9392    4.9504
  2.9553  -11.8753  -11.8687   -7.7699   -7.7306   -2.8113   -2.3670   -1.7980   -1.3974   -0.8881   -0.8207    1.0088    1.2664    1.5106    2.1395    2.5469    2.9248    3.8569    3.8806    4.1052    4.1196    4.9163    4.9291
  2.9751  -11.9104  -11.9041   -7.7502   -7.7128   -2.7267   -2.2946   -1.7113   -1.3315   -0.8517   -0.7924    0.9984    1.2370    1.4994    2.1416    2.4916    2.8899    3.8161    3.8394    4.0651    4.0775    4.8917    4.9066
  2.9950  -11.9435  -11.9375   -7.7326   -7.6972   -2.6390   -2.2222   -1.6242   -1.2731   -0.8122   -0.7620    0.9862    1.2004    1.4962    2.1394    2.4366    2.8488    3.7766    3.7982    4.0268    4.0374    4.8656    4.8829
  3.0148  -11.9746  -11.9689   -7.7169   -7.6836   -2.5490   -2.1513   -1.5359   -1.2215   -0.7702   -0.7296    0.9706    1.1571    1.5007    2.1283    2.3882    2.8028    3.7386    3.7574    3.9902    3.9992    4.8384    4.8581
  3.0347  -12.0034  -11.9981   -7.7030   -7.6719   -2.4580   -2.0836   -1.4451   -1.1753   -0.7270   -0.6945    0.9493    1.1082    1.5115    2.1016    2.3548    2.7537    3.7021    3.7175    3.9555    3.9632    4.8104    4.8325
  3.0545  -12.0301  -12.0251   -7.6907   -7.6620   -2.3671   -2.0208   -1.3510   -1.1326   -0.6855   -0.6557    0.9195    1.0555    1.5271    2.0568    2.3410    2.7037    3.6674    3.6790    3.9226    3.9293    4.7821    4.8062
  3.0743  -12.0545  -12.0500   -7.6799   -7.6536   -2.2780   -1.9641   -1.2527   -1.0910   -0.6477   -0.6128    0.8779    1.0005    1.5457    1.9991    2.3438    2.6549    3.6348    3.6425    3.8917    3.8976    4.7539    4.7797
  3.0942  -12.0767  -12.0726   -7.6704   -7.6466   -2.1922   -1.9142   -1.1502   -1.0476   -0.6137   -0.5678    0.8224    0.9440    1.5657    1.9364    2.3574    2.6101    3.6044    3.6085    3.8630    3.8683    4.7259    4.7530
  3.1140  -12.0966  -12.0929   -7.6622   -7.6409   -2.1115   -1.8717   -1.0466   -0.9976   -0.5826   -0.5226    0.7537    0.8836    1.5852    1.8750    2.3776    2.5715    3.5757    3.5781    3.8366    3.8415    4.6988    4.7266
  3.1339  -12.1142  -12.1109   -7.6550   -7.6364   -2.0375   -1.8365   -0.9655   -0.9168   -0.5543   -0.4779    0.6742    0.8161    1.6026    1.8191    2.4014    2.5411    3.5481    3.5524    3.8126    3.8171    4.6728    4.7006
  3.1537  -12.1295  -12.1266   -7.6489   -7.6329   -1.9718   -1.8082   -0.9062   -0.8076   -0.5283   -0.4337    0.5870    0.7390    1.6166    1.7713    2.4266    2.5200    3.5233    3.5299    3.7912    3.7954    4.6484    4.6755
  3.1736  -12.1424  -12.1400   -7.6437   -7.6303   -1.9152   -1.7864   -0.8461   -0.6981   -0.5013   -0.3894    0.4948    0.6516    1.6267    1.7325    2.4514    2.5081    3.5021    3.5103    3.7725    3.7765    4.6264    4.6518
  3.1934  -12.1529  -12.1510   -7.6393   -7.6286   -1.8681   -1.7708   -0.7841   -0.6072   -0.4604   -0.3438    0.4009    0.5550    1.6330    1.7025    2.4741    2.5043    3.4847    3.4936    3.7567    3.7606    4.6074    4.6300
  3.2133  -12.1611  -12.1596   -7.6357   -7.6276   -1.8303   -1.7610   -0.7232   -0.5612   -0.3839   -0.2959    0.3095    0.4519    1.6366    1.6804    2.4930    2.5062    3.4714    3.4799    3.7440    3.7479    4.5922    4.6111
  3.2331  -12.1668  -12.1658   -7.6327   -7.6273   -1.8013   -1.7569   -0.6671   -0.5515   -0.2881   -0.2461    0.2289    0.3469    1.6390    1.6646    2.5069    2.5111    3.4622    3.4694    3.7348    3.7386    4.5815    4.5958
  3.2529  -12.1702  -12.1697   -7.6304   -7.6277   -1.7801   -1.7585   -0.6198   -0.5607   -0.2074   -0.1997    0.1763    0.2496    1.6419    1.6537    2.5152    2.5158    3.4573    3.4624    3.7291    3.7329    4.5759    4.5852
  3.2728  -12.1711  -12.1711   -7.6288   -7.6288   -1.7661   -1.7661   -0.5839   -0.5839   -0.1763   -0.1763    0.1819    0.1819    1.6464    1.6464    2.5178    2.5178    3.4566    3.4591    3.7272    3.7310    4.5754    4.5802
